-2142728642
-2123009090
-2120169653
-2119394973
-2102160225
-2092929341
-2061542393
-2054251653
-2052137261
-2051880138
-2046719281
-2006786757
-2004079284
-2004060274
-2003980827
-1999270506
-1995585801
-1973748585
-1968590101
-1960545411
-1952918675
-1952806842
-1933151688
-1924506813
-1918047275
-1917247882
-1915806400
-1902659889
-1887637800
-1873993763
-1872269337
-1862591661
-1858038100
-1857165738
-1848977284
-1836726770
-1833011415
-1826264946
-1803559649
-1803370949
-1799800231
-1790488702
-1787241406
-1779685625
-1770880308
-1767104423
-1766566932
-1754074406
-1746004289
-1718321203
-1709040106
-1695822622
-1695555603
-1654893135
-1646323417
-1635369460
-1623808395
-1619073152
-1614000514
-1601039934
-1581065009
-1556322687
-1544539332
-1515955339
-1514252124
-1508171413
-1487362183
-1478261465
-1467102576
-1457231637
-1445092438
-1434874554
-1433642686
-1430642762
-1426323267
-1409251737
-1403204829
-1387191127
-1385960796
-1374797210
-1369875329
-1362157155
-1355530154
-1352560540
-1337678188
-1336112404
-1318799446
-1292466314
-1291199167
-1288045894
-1262104582
-1259938476
-1250645852
-1242115944
-1229894771
-1225456831
-1211286163
-1206601050
-1202071081
-1199762955
-1199078793
-1174358795
-1171994106
-1165961130
-1164056395
-1153668999
-1138611890
-1137711780
-1114069325
-1113302335
-1112848570
-1104295023
-1095365331
-1093330785
-1056625692
-1056600716
-1040391455
-1027780890
-1016604417
-1010296957
-1009589737
-996698845
-994072836
-986703151
-985698673
-978648726
-967467748
-960304890
-930175594
-929731616
-920948265
-920524451
-915102212
-889573449
-888130098
-881276963
-865567111
-865099981
-860891694
-839732827
-837416580
-813852969
-811610214
-806037878
-802647186
-795751877
-794450513
-793493385
-788538883
-784924377
-782128844
-777110349
-770629224
-763126360
-757864486
-740589976
-738855270
-696129844
-686541137
-683905230
-653007560
-651789557
-626657637
-611448037
-607000851
-606026833
-599660934
-584400977
-580361879
-564223387
-542130063
-528698459
-524425668
-523079341
-515853910
-504983111
-496117472
-450887099
-430076946
-419198936
-403163822
-396764950
-392633575
-385066552
-384854523
-362094524
-359826170
-359150801
-357549974
-350665539
-332922576
-319533748
-316616226
-314216592
-313474486
-302341554
-302021762
-299025819
-273162062
-264056322
-261848903
-258422228
-251469348
-250399746
-249476813
-241738816
-240416947
-230734202
-228548597
-225699568
-210707509
-185974312
-181843516
-173651605
-169183419
-168797228
-167376037
-152077248
-143767238
-118114514
-104885590
-104242041
-101505118
-94071135
-65115258
-60703133
-60449669
-57747875
-51968620
-41972600
-38973223
-20381451
-19002703
-2310059
-346053
-50
-50
-50
-49
-49
-49
-49
-49
-49
-49
-48
-48
-48
-48
-48
-48
-48
-48
-47
-47
-47
-47
-47
-47
-47
-47
-47
-46
-46
-46
-46
-46
-45
-45
-45
-45
-45
-45
-45
-44
-43
-43
-42
-42
-42
-42
-42
-41
-41
-41
-41
-41
-40
-40
-40
-40
-39
-39
-39
-39
-39
-39
-38
-38
-38
-38
-38
-38
-37
-37
-37
-37
-37
-37
-37
-36
-36
-36
-36
-36
-36
-36
-36
-35
-35
-34
-34
-34
-34
-33
-33
-33
-33
-32
-32
-30
-30
-30
-30
-30
-30
-30
-29
-29
-29
-29
-29
-29
-29
-29
-28
-28
-27
-27
-27
-27
-27
-26
-26
-26
-26
-25
-25
-25
-25
-25
-24
-24
-24
-24
-24
-24
-23
-23
-23
-23
-23
-23
-22
-22
-22
-22
-22
-22
-22
-21
-21
-21
-21
-21
-21
-21
-20
-20
-20
-20
-19
-19
-19
-19
-19
-19
-18
-18
-18
-18
-18
-18
-18
-18
-17
-17
-16
-16
-16
-16
-16
-16
-16
-15
-15
-15
-14
-14
-13
-13
-13
-13
-13
-13
-13
-13
-13
-13
-12
-12
-12
-12
-11
-11
-11
-11
-11
-11
-10
-10
-10
-10
-10
-10
-10
-9
-9
-9
-9
-9
-9
-8
-8
-8
-8
-7
-7
-7
-7
-7
-7
-6
-6
-6
-6
-6
-6
-5
-5
-5
-4
-4
-4
-4
-3
-3
-3
-2
-2
-2
-2
-2
-2
-2
-1
-1
-1
-1
-1
0
0
0
0
0
0
1
1
1
1
1
2
2
2
3
3
3
3
3
3
4
4
4
4
4
4
5
5
5
5
6
6
7
7
7
7
7
7
7
7
8
8
8
8
8
8
8
10
10
10
10
11
11
11
12
12
12
12
12
13
13
13
13
13
13
14
14
14
14
14
14
14
14
15
15
15
15
15
16
16
16
17
17
17
18
18
18
18
18
19
19
19
19
19
19
19
19
20
20
20
20
20
20
20
20
20
20
20
21
21
21
22
22
22
22
22
22
22
23
23
23
23
23
24
24
24
24
24
25
25
25
25
25
25
25
25
26
26
26
26
26
27
27
27
27
28
28
28
28
28
28
29
29
29
29
30
30
30
31
32
32
32
32
33
33
33
33
33
34
34
34
34
34
35
35
35
35
36
36
36
36
36
36
36
37
37
37
38
38
39
39
39
40
40
40
41
41
41
41
42
42
42
42
42
42
42
43
43
43
44
44
44
45
45
45
45
46
46
46
47
47
47
47
47
47
48
48
48
48
49
49
49
49
49
49
50
50
50
50
50
50
50
50
50
50
4552277
24985227
38398795
42518604
55127620
57551822
57922024
68723368
87255481
88796639
89267564
89976855
107323299
119257299
122409921
151850869
162237606
176988437
187992133
191486239
193261463
199221432
203851650
210686759
217771700
226923926
244491691
251516652
252641655
265158400
275166811
285352768
291614351
293727744
309947889
322290836
333751144
336459211
344168790
356914223
390507737
416432657
424062364
424553134
437377808
438486969
440509121
447664729
450615130
454276192
458085320
463335900
463679373
497054836
500812461
500827918
507828541
512155170
524038150
528148812
529749220
539448901
553485029
558974010
559449075
562948194
568976168
573292124
574661274
578546344
606193118
615391693
616627052
630259727
635345929
640605602
651718110
653039116
681202810
686920291
686990496
687493241
691877015
695659556
696234123
696567538
698306117
703668572
704783919
708234254
715963043
719537284
743338316
746819033
757578490
759843391
778890969
785212873
791945633
797379308
820678378
822618566
849525258
852160762
854454739
855859752
862145025
880852497
886535114
891233992
901488065
903254486
908616241
913816756
916900659
926490103
930674344
936446114
941362790
954518731
957223306
958918303
960244989
961971489
980874442
985068793
988840556
989004277
989239514
990624263
991927457
1011343791
1017357368
1049072424
1051163501
1066427998
1073378094
1074205392
1076551517
1087444687
1096514464
1099279114
1112888072
1120748543
1123520054
1129368376
1135215467
1142241487
1145100514
1148844152
1159171301
1164020006
1164716219
1166508685
1172138017
1187846787
1190375503
1193875497
1206091867
1211351256
1242379002
1257334106
1268527159
1268849562
1275539808
1278343057
1279980803
1281323594
1294276008
1306520231
1316851239
1323344717
1327491189
1339712801
1351691222
1367561000
1380429043
1383529607
1384101871
1385022129
1392456703
1395043566
1399315369
1409542644
1409636458
1413051772
1416221774
1430346139
1434386900
1435215110
1437434361
1450028836
1458698175
1463574765
1472912078
1505333737
1513717365
1536032281
1546433321
1552411319
1565729372
1596087094
1609521408
1612333482
1626537216
1628266099
1629697053
1633234994
1653204371
1653880102
1658345059
1660130928
1668043570
1670062000
1670475724
1682448241
1695367093
1696841733
1703138720
1718026872
1718921938
1732385301
1751570801
1759713539
1787421709
1798908677
1807446377
1815907897
1848995780
1868582284
1874136904
1877636033
1888627382
1889534511
1902433071
1914938219
1920201573
1930652834
1932886739
1936134605
1956098899
1956103820
1958636140
1970945225
1978733901
1982298257
1998993128
2007704152
2010616283
2021490241
2029120847
2042282373
2044947612
2045149957
2051463013
2060450517
2079485599
2088377135
2091104523
2094438049
2096516427
2105421312
2106473666
2114965646
2120934662
