-50
-50
-50
-49
-49
-49
-49
-49
-49
-49
-48
-48
-48
-48
-48
-48
-48
-48
-47
-47
-47
-47
-47
-47
-47
-47
-47
-46
-46
-46
-46
-46
-45
-45
-45
-45
-45
-45
-45
-44
-43
-43
-42
-42
-42
-42
-42
-41
-41
-41
-41
-41
-40
-40
-40
-40
-39
-39
-39
-39
-39
-39
-38
-38
-38
-38
-38
-38
-37
-37
-37
-37
-37
-37
-37
-36
-36
-36
-36
-36
-36
-36
-36
-35
-35
-34
-34
-34
-34
-33
-33
-33
-33
-32
-32
-30
-30
-30
-30
-30
-30
-30
-29
-29
-29
-29
-29
-29
-29
-29
-28
-28
-27
-27
-27
-27
-27
-26
-26
-26
-26
-25
-25
-25
-25
-25
-24
-24
-24
-24
-24
-24
-23
-23
-23
-23
-23
-23
-22
-22
-22
-22
-22
-22
-22
-21
-21
-21
-21
-21
-21
-21
-20
-20
-20
-20
-19
-19
-19
-19
-19
-19
-18
-18
-18
-18
-18
-18
-18
-18
-17
-17
-16
-16
-16
-16
-16
-16
-16
-15
-15
-15
-14
-14
-13
-13
-13
-13
-13
-13
-13
-13
-13
-13
-12
-12
-12
-12
-11
-11
-11
-11
-11
-11
-10
-10
-10
-10
-10
-10
-10
-9
-9
-9
-9
-9
-9
-8
-8
-8
-8
-7
-7
-7
-7
-7
-7
-6
-6
-6
-6
-6
-6
-5
-5
-5
-4
-4
-4
-4
-3
-3
-3
-2
-2
-2
-2
-2
-2
-2
-1
-1
-1
-1
-1
0
0
0
0
0
0
1
1
1
1
1
2
2
2
3
3
3
3
3
3
4
4
4
4
4
4
5
5
5
5
6
6
7
7
7
7
7
7
7
7
8
8
8
8
8
8
8
10
10
10
10
11
11
11
12
12
12
12
12
13
13
13
13
13
13
14
14
14
14
14
14
14
14
15
15
15
15
15
16
16
16
17
17
17
18
18
18
18
18
19
19
19
19
19
19
19
19
20
20
20
20
20
20
20
20
20
20
20
21
21
21
22
22
22
22
22
22
22
23
23
23
23
23
24
24
24
24
24
25
25
25
25
25
25
25
25
26
26
26
26
26
27
27
27
27
28
28
28
28
28
28
29
29
29
29
30
30
30
31
32
32
32
32
33
33
33
33
33
34
34
34
34
34
35
35
35
35
36
36
36
36
36
36
36
37
37
37
38
38
39
39
39
40
40
40
41
41
41
41
42
42
42
42
42
42
42
43
43
43
44
44
44
45
45
45
45
46
46
46
47
47
47
47
47
47
48
48
48
48
49
49
49
49
49
49
50
50
50
50
50
50
50
50
50
50
50055
50230
50253
50262
50490
50649
50663
50712
50866
51239
51293
51361
51378
51409
51525
51582
51599
52001
52019
52081
52274
52667
52947
52974
53158
53182
53259
53416
53626
54084
54221
54390
54439
54471
54492
54571
54647
54689
54740
54753
54811
54907
54923
54927
55053
55374
55486
55568
55848
55924
56098
56241
56463
56551
56614
56622
56972
57004
57087
57411
57591
57737
57737
57739
57811
57982
58076
58119
58200
58277
58279
58951
59050
59062
59076
59084
59117
59275
59285
59711
59726
59801
59966
60104
60209
60229
60347
60450
60592
60651
60756
60797
60800
60825
60854
61008
61046
61116
61161
61240
61283
61295
61317
61328
61353
61552
61637
61675
61675
61768
62239
62441
62445
62934
63033
63136
63359
63363
63423
63463
63512
63540
63548
63612
63689
63693
63894
64192
64261
64383
64553
64569
64749
64793
64917
65211
65284
65304
65547
65622
65760
65793
65875
66005
66206
66228
66267
66280
66398
66423
66441
66553
66723
66906
66958
66981
66996
67008
67065
67169
67339
67532
67567
67633
67635
67679
67711
67748
67906
67994
68037
68074
68147
68194
68197
68615
68663
69059
69063
69234
69364
69425
69456
69576
69590
69632
69901
69949
69975
70010
70020
70029
70300
70390
70398
70434
70511
70713
70744
70790
70957
71061
71213
71329
71501
71603
71885
72020
72082
72195
72240
72442
72805
72901
72951
73261
73276
73321
73384
73393
73539
73555
73664
74130
74162
74354
74492
74720
74743
74765
74828
75057
75060
75117
75164
75504
75726
75795
75933
76018
76033
76038
76070
76175
76195
76195
76263
76285
76340
76384
76558
76673
76753
76801
76944
77016
77307
77522
77695
77909
77967
78191
78263
78296
78353
78371
78650
78713
78725
78755
78796
78880
78985
78987
78998
79070
79167
79255
79274
79451
79461
79479
79708
80106
80250
80282
80459
80612
80666
80725
81380
81694
81755
81836
81850
81979
82165
82263
82267
82289
82326
82404
82441
82442
82445
82792
82826
82861
82966
83237
83375
83441
83444
83486
83522
83530
83534
83682
83708
83754
83876
84288
84352
84484
84510
84609
84626
84628
84638
84648
84796
84999
85225
85262
85343
85479
85542
85666
85667
85735
85741
85749
85996
86123
86196
86238
86453
86496
86546
86659
86726
86768
86967
87310
87323
87391
87395
87436
87448
87524
87950
87954
87968
88015
88104
88301
88386
88707
88898
88966
89158
89201
89366
89376
89445
89648
89679
89690
89721
89731
89955
89973
90003
90061
90137
90185
90189
90429
90634
90738
90789
90793
90863
91018
91125
91186
91239
91266
91532
91640
91650
91679
91744
91884
91966
92289
92363
92365
92445
92516
92522
92558
92799
92821
93046
93174
93235
93287
93308
93445
93597
93763
93833
94053
94165
94385
94469
94656
94671
94700
94780
94788
94795
94894
94991
94998
95019
95148
95193
95249
95331
95387
95392
95822
95842
95901
95958
95959
96064
96132
96313
96400
96486
96546
96670
96717
96755
96846
96907
96927
96999
97052
97065
97086
97159
97270
97335
97358
97445
97468
97724
97726
97735
97786
97834
97915
97934
97993
98092
98174
98261
98282
98293
98402
98486
98800
98807
98874
98901
98972
99071
99124
99199
99242
99311
99638
99659
99716
99877
99911
